Best Samples:
params: [0.38350460522597696, 0.88825676438088208, 0.055861397003245002],	output: 0.0
params: [0.38350460522597696, 0.88825676438088208, 0.055861397003245002],	output: 0.0
params: [0.38350460522597696, 0.88825676438088208, 0.055861397003245002],	output: 0.0
params: [0.38350460522597696, 0.88825676438088208, 0.055861397003245002],	output: 0.0
